071534143204
888510760894
047213926512
047213116944
046094620199
045299014109
047213566572
190796828312
190796826233
401459100813
889802046511
190795272086
047213565940
047213956106
046094620212
045299014093
047213566589
190796828251
190796826219
401459101018
816559015651
816559015613
037000062035
079400700100
079400563217
735379430133
381370037187
381370037477
078742021867
037836084713
381519022722
079400453518
045893080531
603084491513
080878042166
012044040492
071249335024
041167606322
792850013131
681131052412
816559012865
816559012902
037000062035
079400700100
079400588524
735379430133
381370037248
381370037750
078742021867
037836084713
381519022722
079400453518
045893080531
603084491513
080878042166
012044040492
071249335024
041167606322
792850013131
681131051699
072140002282
075371050114
075371051289
813277013822
813277013853
792850003859
792850727991
301872220016
011111638525
381370029953
381371029334
381370024941
381371027606
381370032984
381370027799
381370032366
381370038023
732913441273
764302901419
302993936091
072140021092
075371050114
075371080050
813277013822
813277013853
792850003859
792850727991
301872220016
011111638525
381370029953
381371029334
381370024941
381371027606
381371169467
381370027799
381370032366
381371019427
732913441273
764302901419
302993936091
064081134382
848974103712
719812682655
719812034164
848974103408
719812083537
719812007755
087387343050
849606050701
490700546524
064081138656
067742506009
070896543073
064081138311
016853031092
719812083537
719812003115
087387343067
849606050695
087387343142